StartChar: uniA66E
Encoding: 42606 42606 2486
Width: 804
Flags: HW
LayerCount: 2
Fore
Refer: 2481 42601 N 0.51001 0 0 0.51001 249 213 2
Refer: 2481 42601 N 0.51001 0 0 0.51001 139 430 2
Refer: 2481 42601 N 0.51001 0 0 0.51001 36 213 2
Refer: 2481 42601 N 0.51001 0 0 0.51001 353 430 2
Refer: 2481 42601 N 0.51001 0 0 0.51001 459 213 2
Refer: 2481 42601 N 0.51001 0 0 0.51001 139 -6 2
Refer: 2481 42601 N 0.51001 0 0 0.51001 353 -6 2
EndChar
